0.15
0.26
0.25
0.3
0.5
0.2
0.45
0.26
0.25
0.3
0.5
0.2
0.75
0.26
0.25
0.3
0.5
0.2
1.05
0.26
0.25
0.3
0.5
0.2
0.15
0.26
0.75
0.3
0.5
0.2
0.45
0.26
0.75
0.3
0.5
0.2
0.75
0.26
0.75
0.3
0.5
0.2
1.05
0.26
0.75
0.3
0.5
0.2
0.15
0.46
0.25
0.3
0.5
0.2
0.45
0.46
0.25
0.3
0.5
0.2
0.75
0.46
0.25
0.3
0.5
0.2
1.05
0.46
0.25
0.3
0.5
0.2
0.15
0.46
0.75
0.3
0.5
0.2
0.45
0.46
0.75
0.3
0.5
0.2
0.75
0.46
0.75
0.3
0.5
0.2
1.05
0.46
0.75
0.3
0.5
0.2
0.15
0.66
0.25
0.3
0.5
0.2
0.45
0.66
0.25
0.3
0.5
0.2
0.75
0.66
0.25
0.3
0.5
0.2
1.05
0.66
0.25
0.3
0.5
0.2
0.15
0.66
0.75
0.3
0.5
0.2
0.45
0.66
0.75
0.3
0.5
0.2
0.75
0.66
0.75
0.3
0.5
0.2
1.05
0.66
0.75
0.3
0.5
0.2
0.15
0.86
0.25
0.3
0.5
0.2
0.45
0.86
0.25
0.3
0.5
0.2
0.75
0.86
0.25
0.3
0.5
0.2
1.05
0.86
0.25
0.3
0.5
0.2
0.15
0.86
0.75
0.3
0.5
0.2
0.45
0.86
0.75
0.3
0.5
0.2
0.75
0.86
0.75
0.3
0.5
0.2
1.05
0.86
0.75
0.3
0.5
0.2
0.15
1.06
0.25
0.3
0.5
0.2
0.45
1.06
0.25
0.3
0.5
0.2
0.75
1.06
0.25
0.3
0.5
0.2
1.05
1.06
0.25
0.3
0.5
0.2
0.15
1.06
0.75
0.3
0.5
0.2
0.45
1.06
0.75
0.3
0.5
0.2
0.75
1.06
0.75
0.3
0.5
0.2
1.05
1.06
0.75
0.3
0.5
0.2
