13 33.000 25.000 23.000 0 0 0
13 33.000 25.000 23.000 33.000 0 0
11 36.000 34.000 25.000 66.000 0 0
11 36.000 34.000 25.000 102.000 0 0
11 36.000 34.000 25.000 138.000 0 0
11 36.000 34.000 25.000 174.000 0 0
10 71.000 32.000 25.000 210.000 0 0
10 71.000 32.000 25.000 281.000 0 0
10 71.000 32.000 25.000 352.000 0 0
10 71.000 32.000 25.000 423.000 0 0
10 71.000 32.000 25.000 494.000 0 0
16 41.000 39.000 38.000 0 25.000 0
16 41.000 39.000 38.000 66.000 34.000 0
16 41.000 39.000 38.000 107.000 34.000 0
16 41.000 39.000 38.000 148.000 34.000 0
14 95.000 27.000 26.000 189.000 34.000 0
14 95.000 27.000 26.000 284.000 34.000 0
14 95.000 27.000 26.000 379.000 34.000 0
14 95.000 27.000 26.000 474.000 34.000 0
14 95.000 27.000 26.000 66.000 73.000 0
4 81.000 33.000 28.000 161.000 73.000 0
4 81.000 33.000 28.000 242.000 73.000 0
4 81.000 33.000 28.000 323.000 73.000 0
4 81.000 33.000 28.000 404.000 73.000 0
4 81.000 33.000 28.000 485.000 73.000 0
18 52.000 41.000 36.000 0 64.000 0
18 52.000 41.000 36.000 66.000 100.000 0
18 52.000 41.000 36.000 161.000 106.000 0
18 52.000 41.000 36.000 213.000 106.000 0
2 110.000 43.000 25.000 265.000 106.000 0
2 110.000 43.000 25.000 375.000 106.000 0
2 110.000 43.000 25.000 485.000 106.000 0
2 110.000 43.000 25.000 528.000 106.000 0
2 110.000 43.000 25.000 265.000 149.000 0
2 110.000 43.000 25.000 375.000 149.000 0
8 95.000 66.000 31.000 66.000 141.000 0
8 95.000 66.000 31.000 161.000 147.000 0
8 95.000 66.000 31.000 265.000 192.000 0
8 95.000 66.000 31.000 331.000 192.000 0
8 95.000 66.000 31.000 397.000 192.000 0
8 95.000 66.000 31.000 0 25.000 38.000
9 85.000 84.000 30.000 95.000 25.000 38.000
9 85.000 84.000 30.000 180.000 25.000 38.000
9 85.000 84.000 30.000 265.000 25.000 38.000
9 85.000 84.000 30.000 350.000 25.000 38.000
9 85.000 84.000 30.000 435.000 25.000 38.000
1 108.000 76.000 30.000 520.000 25.000 38.000
1 108.000 76.000 30.000 550.000 25.000 38.000
1 108.000 76.000 30.000 95.000 109.000 38.000
1 108.000 76.000 30.000 203.000 109.000 38.000
1 108.000 76.000 30.000 311.000 109.000 38.000
1 108.000 76.000 30.000 419.000 109.000 38.000
1 108.000 76.000 30.000 527.000 109.000 38.000
1 108.000 76.000 30.000 557.000 109.000 38.000
1 108.000 76.000 30.000 95.000 185.000 38.000
1 108.000 76.000 30.000 171.000 185.000 38.000
19 104.000 78.000 34.000 265.000 192.000 95.000
19 104.000 78.000 34.000 343.000 192.000 95.000
19 104.000 78.000 34.000 421.000 192.000 95.000
19 104.000 78.000 34.000 499.000 192.000 95.000
19 104.000 78.000 34.000 0 25.000 69.000
19 104.000 78.000 34.000 104.000 25.000 69.000
20 83.000 77.000 46.000 208.000 25.000 69.000
20 83.000 77.000 46.000 291.000 25.000 69.000
20 83.000 77.000 46.000 374.000 25.000 69.000
20 83.000 77.000 46.000 0 103.000 69.000
20 83.000 77.000 46.000 83.000 103.000 69.000
20 83.000 77.000 46.000 166.000 103.000 69.000
7 98.000 72.000 46.000 249.000 103.000 69.000
7 98.000 72.000 46.000 347.000 103.000 69.000
7 98.000 72.000 46.000 0 180.000 69.000
7 98.000 72.000 46.000 520.000 25.000 146.000
7 98.000 72.000 46.000 95.000 185.000 146.000
7 98.000 72.000 46.000 0 25.000 103.000
7 98.000 72.000 46.000 98.000 25.000 103.000
15 94.000 81.000 44.000 208.000 25.000 115.000
15 94.000 81.000 44.000 302.000 25.000 115.000
15 94.000 81.000 44.000 396.000 25.000 115.000
15 94.000 81.000 44.000 302.000 106.000 115.000
15 94.000 81.000 44.000 396.000 106.000 115.000
15 94.000 81.000 44.000 83.000 103.000 115.000
15 94.000 81.000 44.000 208.000 25.000 159.000
15 94.000 81.000 44.000 302.000 25.000 159.000
6 111.000 70.000 48.000 396.000 25.000 159.000
6 111.000 70.000 48.000 208.000 106.000 159.000
6 111.000 70.000 48.000 319.000 106.000 159.000
6 111.000 70.000 48.000 0 25.000 149.000
12 97.000 67.000 62.000 111.000 25.000 149.000
3 92.000 81.000 55.000 83.000 103.000 159.000
exit