2 110.000 43.000 25.000 0 0 0
2 110.000 43.000 25.000 110.000 0 0
2 110.000 43.000 25.000 220.000 0 0
2 110.000 43.000 25.000 330.000 0 0
2 110.000 43.000 25.000 440.000 0 0
2 110.000 43.000 25.000 550.000 0 0
2 110.000 43.000 25.000 0 43.000 0
2 110.000 43.000 25.000 110.000 43.000 0
2 110.000 43.000 25.000 220.000 43.000 0
2 110.000 43.000 25.000 330.000 43.000 0
2 110.000 43.000 25.000 440.000 43.000 0
2 110.000 43.000 25.000 550.000 43.000 0
2 110.000 43.000 25.000 0 86.000 0
2 110.000 43.000 25.000 110.000 86.000 0
2 110.000 43.000 25.000 220.000 86.000 0
2 110.000 43.000 25.000 330.000 86.000 0
2 110.000 43.000 25.000 440.000 86.000 0
2 110.000 43.000 25.000 550.000 86.000 0
2 110.000 43.000 25.000 0 129.000 0
2 110.000 43.000 25.000 110.000 129.000 0
2 110.000 43.000 25.000 220.000 129.000 0
2 110.000 43.000 25.000 330.000 129.000 0
2 110.000 43.000 25.000 440.000 129.000 0
2 110.000 43.000 25.000 550.000 129.000 0
2 110.000 43.000 25.000 0 172.000 0
2 110.000 43.000 25.000 110.000 172.000 0
2 110.000 43.000 25.000 220.000 172.000 0
2 110.000 43.000 25.000 330.000 172.000 0
2 110.000 43.000 25.000 440.000 172.000 0
2 110.000 43.000 25.000 550.000 172.000 0
2 110.000 43.000 25.000 0 0 25.000
2 110.000 43.000 25.000 110.000 0 25.000
2 110.000 43.000 25.000 220.000 0 25.000
1 108.000 76.000 30.000 330.000 0 25.000
1 108.000 76.000 30.000 438.000 0 25.000
1 108.000 76.000 30.000 0 43.000 25.000
1 108.000 76.000 30.000 108.000 43.000 25.000
1 108.000 76.000 30.000 216.000 43.000 25.000
1 108.000 76.000 30.000 330.000 76.000 25.000
1 108.000 76.000 30.000 438.000 76.000 25.000
1 108.000 76.000 30.000 0 119.000 25.000
1 108.000 76.000 30.000 108.000 119.000 25.000
1 108.000 76.000 30.000 216.000 119.000 25.000
1 108.000 76.000 30.000 330.000 152.000 25.000
1 108.000 76.000 30.000 438.000 152.000 25.000
1 108.000 76.000 30.000 0 195.000 25.000
1 108.000 76.000 30.000 76.000 195.000 25.000
1 108.000 76.000 30.000 152.000 195.000 25.000
1 108.000 76.000 30.000 228.000 195.000 25.000
1 108.000 76.000 30.000 550.000 0 110.000
1 108.000 76.000 30.000 550.000 76.000 110.000
1 108.000 76.000 30.000 550.000 152.000 110.000
1 108.000 76.000 30.000 330.000 0 55.000
1 108.000 76.000 30.000 438.000 0 55.000
1 108.000 76.000 30.000 330.000 76.000 55.000
1 108.000 76.000 30.000 438.000 76.000 55.000
1 108.000 76.000 30.000 330.000 152.000 55.000
1 108.000 76.000 30.000 438.000 152.000 55.000
1 108.000 76.000 30.000 0 43.000 55.000
1 108.000 76.000 30.000 108.000 43.000 55.000
1 108.000 76.000 30.000 216.000 43.000 55.000
1 108.000 76.000 30.000 0 119.000 55.000
1 108.000 76.000 30.000 108.000 119.000 55.000
1 108.000 76.000 30.000 216.000 119.000 55.000
1 108.000 76.000 30.000 0 195.000 133.000
1 108.000 76.000 30.000 108.000 195.000 133.000
1 108.000 76.000 30.000 216.000 195.000 133.000
1 108.000 76.000 30.000 324.000 195.000 133.000
1 108.000 76.000 30.000 432.000 195.000 133.000
1 108.000 76.000 30.000 330.000 0 85.000
1 108.000 76.000 30.000 438.000 0 85.000
1 108.000 76.000 30.000 330.000 76.000 85.000
1 108.000 76.000 30.000 438.000 76.000 85.000
3 92.000 81.000 55.000 0 43.000 85.000
3 92.000 81.000 55.000 92.000 43.000 85.000
3 92.000 81.000 55.000 184.000 43.000 85.000
3 92.000 81.000 55.000 330.000 0 115.000
3 92.000 81.000 55.000 422.000 0 115.000
3 92.000 81.000 55.000 330.000 81.000 115.000
3 92.000 81.000 55.000 422.000 81.000 115.000
3 92.000 81.000 55.000 0 43.000 140.000
3 92.000 81.000 55.000 92.000 43.000 140.000
3 92.000 81.000 55.000 184.000 43.000 140.000
exit