13 33.000 25.000 23.000 0 0 0
13 33.000 25.000 23.000 33.000 0 0
13 33.000 25.000 23.000 66.000 0 0
13 33.000 25.000 23.000 99.000 0 0
13 33.000 25.000 23.000 132.000 0 0
13 33.000 25.000 23.000 165.000 0 0
13 33.000 25.000 23.000 198.000 0 0
11 36.000 34.000 25.000 231.000 0 0
11 36.000 34.000 25.000 267.000 0 0
11 36.000 34.000 25.000 303.000 0 0
11 36.000 34.000 25.000 339.000 0 0
11 36.000 34.000 25.000 375.000 0 0
11 36.000 34.000 25.000 411.000 0 0
11 36.000 34.000 25.000 447.000 0 0
11 36.000 34.000 25.000 483.000 0 0
11 36.000 34.000 25.000 519.000 0 0
11 36.000 34.000 25.000 555.000 0 0
10 71.000 32.000 25.000 0 25.000 0
10 71.000 32.000 25.000 71.000 25.000 0
10 71.000 32.000 25.000 142.000 25.000 0
14 95.000 27.000 26.000 231.000 34.000 0
14 95.000 27.000 26.000 326.000 34.000 0
14 95.000 27.000 26.000 421.000 34.000 0
14 95.000 27.000 26.000 516.000 34.000 0
14 95.000 27.000 26.000 543.000 34.000 0
14 95.000 27.000 26.000 0 57.000 0
14 95.000 27.000 26.000 95.000 57.000 0
14 95.000 27.000 26.000 231.000 61.000 0
14 95.000 27.000 26.000 326.000 61.000 0
14 95.000 27.000 26.000 421.000 61.000 0
4 81.000 33.000 28.000 516.000 129.000 0
4 81.000 33.000 28.000 549.000 129.000 0
4 81.000 33.000 28.000 0 84.000 0
4 81.000 33.000 28.000 81.000 84.000 0
4 81.000 33.000 28.000 231.000 88.000 0
4 81.000 33.000 28.000 312.000 88.000 0
4 81.000 33.000 28.000 393.000 88.000 0
4 81.000 33.000 28.000 0 117.000 0
4 81.000 33.000 28.000 81.000 117.000 0
2 110.000 43.000 25.000 231.000 121.000 0
2 110.000 43.000 25.000 341.000 121.000 0
2 110.000 43.000 25.000 0 150.000 0
2 110.000 43.000 25.000 110.000 150.000 0
2 110.000 43.000 25.000 231.000 164.000 0
2 110.000 43.000 25.000 341.000 164.000 0
2 110.000 43.000 25.000 0 193.000 0
2 110.000 43.000 25.000 43.000 193.000 0
2 110.000 43.000 25.000 86.000 193.000 0
2 110.000 43.000 25.000 129.000 193.000 0
2 110.000 43.000 25.000 172.000 193.000 0
2 110.000 43.000 25.000 231.000 207.000 0
8 95.000 66.000 31.000 555.000 0 36.000
8 95.000 66.000 31.000 555.000 66.000 36.000
8 95.000 66.000 31.000 555.000 132.000 36.000
8 95.000 66.000 31.000 0 84.000 28.000
8 95.000 66.000 31.000 95.000 84.000 28.000
8 95.000 66.000 31.000 190.000 84.000 28.000
8 95.000 66.000 31.000 285.000 84.000 28.000
8 95.000 66.000 31.000 380.000 84.000 28.000
8 95.000 66.000 31.000 285.000 150.000 28.000
8 95.000 66.000 31.000 380.000 150.000 28.000
9 85.000 84.000 30.000 0 150.000 28.000
9 85.000 84.000 30.000 84.000 150.000 28.000
9 85.000 84.000 30.000 168.000 150.000 28.000
9 85.000 84.000 30.000 516.000 34.000 26.000
9 85.000 84.000 30.000 516.000 129.000 28.000
9 85.000 84.000 30.000 0 193.000 110.000
9 85.000 84.000 30.000 84.000 193.000 110.000
9 85.000 84.000 30.000 168.000 193.000 110.000
1 108.000 76.000 30.000 252.000 193.000 110.000
1 108.000 76.000 30.000 328.000 193.000 110.000
1 108.000 76.000 30.000 404.000 193.000 110.000
1 108.000 76.000 30.000 555.000 0 131.000
1 108.000 76.000 30.000 555.000 108.000 131.000
1 108.000 76.000 30.000 285.000 84.000 59.000
1 108.000 76.000 30.000 393.000 84.000 59.000
1 108.000 76.000 30.000 285.000 160.000 59.000
1 108.000 76.000 30.000 361.000 160.000 59.000
1 108.000 76.000 30.000 437.000 160.000 59.000
1 108.000 76.000 30.000 516.000 34.000 111.000
1 108.000 76.000 30.000 285.000 84.000 89.000
7 98.000 72.000 46.000 393.000 84.000 89.000
7 98.000 72.000 46.000 285.000 84.000 119.000
7 98.000 72.000 46.000 393.000 84.000 135.000
7 98.000 72.000 46.000 285.000 84.000 165.000
exit